# Rgyr-CA
1.4931
1.4481
1.2694
1.2756
1.2822
1.2540
1.3787
1.4907
1.5194
1.4161
1.3835
1.4382
1.3288
1.2156
1.2392
1.2568
1.1879
1.1693
1.1636
1.1457
1.1030
1.1309
1.1635
1.1520
1.1085
1.1460
1.1013
1.0975
1.1447
1.1165
1.1380
1.1000
1.1058
1.1106
1.1404
1.1172
1.1785
1.1429
1.1449
1.1951
1.3634
1.3200
1.3251
1.2502
1.3609
1.4516
1.2345
1.2869
1.2258
1.3339
1.2499
1.1675
1.2169
1.2485
1.2144
1.1746
1.2832
1.2396
1.1324
1.1243
1.0936
1.1262
1.0963
1.1085
1.1440
1.1528
1.1854
1.2170
1.1791
1.2257
1.2021
1.1646
1.1322
1.1661
1.1519
1.1667
1.1353
1.1544
1.1528
1.2056
1.1861
1.2204
1.1578
1.1493
1.1855
1.1189
1.1893
1.1743
1.1908
1.0739
1.0905
1.0968
1.1311
1.1067
1.1278
1.1596
1.1007
1.1252
1.1327
1.1274
1.0929
1.1141
1.2431
1.1998
1.1722
1.1442
1.1418
1.2841
1.2684
1.1891
1.1727
1.1082
1.1506
1.1706
1.2219
1.1585
1.1462
1.2253
1.1643
1.2008
1.1478
1.1681
1.2204
1.1518
1.1784
1.1346
1.1399
1.1252
1.2063
1.1316
1.1355
1.1528
1.1911
1.1971
1.2544
1.1198
1.1058
1.0777
1.0765
1.0649
1.0730
1.1127
1.1126
1.0715
1.0474
1.0665
1.0824
1.1438
1.0843
1.1174
1.0228
1.1350
1.1220
1.2887
1.1973
1.2745
1.2699
1.2801
1.2664
1.2558
1.2778
1.2890
1.3231
1.3599
1.3570
1.3279
1.3030
1.1998
1.2258
1.2348
1.1321
1.2320
1.1770
1.2012
1.1562
1.1941
1.2427
1.1564
1.1985
1.1524
1.1799
1.2307
1.3022
1.1238
1.1934
1.2292
1.1544
1.2446
1.3507
1.3884
1.3175
1.3178
1.3553
1.3140
1.4212
1.4087
1.3830
1.3647
1.4190
1.3670
1.3306
1.3630
1.3764
1.3342
1.3280
1.2984
1.3529
1.2661
1.3397
1.3032
1.3105
1.3229
1.3015
1.3162
1.3425
1.3026
1.1860
1.2532
1.2581
1.2337
1.2812
1.3827
1.3784
1.3185
1.3391
1.3550
1.3827
1.3017
1.3417
1.3565
1.3110
1.3640
1.3643
1.2561
1.2276
1.0665
1.3059
1.3388
1.3094
1.1892
1.2821
1.2014
1.1130
1.1360
1.1553
1.1371
1.1453
1.1658
1.1498
1.1164
1.0993
1.1591
1.1674
1.1628
1.2099
1.1923
1.2264
1.2201
1.1971
1.1980
1.2043
1.1615
1.2062
1.1675
1.1474
1.1122
1.0608
1.0681
1.0768
1.0667
1.1400
1.1035
1.0398
1.1190
1.0753
1.0679
1.0787
1.0612
1.0109
1.0182
1.0302
1.0488
1.0359
1.0358
1.0625
1.0938
1.0840
1.1171
1.0450
1.0488
1.0587
1.0568
1.0118
1.0392
1.0140
1.0224
1.0352
1.0118
1.0368
1.0274
1.0229
1.0146
1.0386
1.0216
1.0243
1.0321
1.0272
1.0515
0.9767
1.1418
1.0472
1.1205
1.0734
1.1079
1.1116
1.0807
1.0542
1.0313
1.0844
1.0519
1.0560
1.0510
1.0594
1.0429
1.0711
1.0755
1.0105
1.0283
1.0297
1.0573
1.0318
1.0720
1.0826
1.0642
1.0879
1.0986
1.0657
1.0441
1.0421
1.0355
1.0306
1.0471
1.0212
1.0424
1.0687
1.0292
1.0221
1.0361
1.0079
0.9801
1.0205
1.0189
1.0400
1.0123
1.0244
1.0133
1.0237
1.0642
1.1072
1.0330
1.0478
1.0454
1.0728
1.0934
1.0805
1.0928
1.0673
1.0633
1.0579
1.0589
1.0602
1.0479
1.0538
1.0601
1.0507
1.1597
1.0694
1.0242
1.0273
1.0442
1.0445
1.0395
1.0343
1.0480
1.0605
1.1326
1.1511
1.1058
1.0962
1.0729
1.1009
1.0752
1.0951
1.0776
1.0878
1.1145
1.1005
1.1042
1.1492
1.0946
1.1785
1.1405
1.1803
1.1776
1.1553
1.1087
1.1048
1.1100
1.1305
1.1049
1.1219
1.1447
1.1432
1.2127
1.2115
1.0540
1.0169
1.0390
1.0566
1.0545
1.0810
1.0665
1.1129
1.1255
1.1668
1.1193
1.0857
1.0763
1.0874
1.1576
1.1641
1.2300
1.1621
1.1866
1.0888
1.1470
1.0873
1.0978
1.1212
1.1168
1.1091
1.0833
1.0658
1.1104
1.1706
1.1742
1.1462
1.3547
1.3197
1.2740
1.2073
1.2967
1.2101
1.2721
1.2538
1.2619
1.2763
1.3514
1.3553
1.4434
1.2877
1.3984
1.3412
1.4091
1.4379
1.4720
1.4457
1.2943
1.5201
1.4786
1.4142
1.6082
1.3367
1.1897
1.1265
1.0583
1.2375
1.2970
1.2528
1.1327
1.1769
1.1732
1.0975
1.1023
1.2299
1.1358
1.1850
1.2248
1.3019
1.2562
1.0801
1.1617
1.1275
1.0694
1.0570
1.1654
1.1865
1.1558
1.1467
1.1109
1.0958
1.0703
1.0748
1.0999
1.0791
1.1252
1.1518
1.1815
1.2161
1.1647
1.2687
1.3193
1.1804
1.2065
1.1047
1.0815
1.1926
1.1685
1.2361
1.1828
1.1235
1.1274
1.2124
1.3015
1.3002
1.2885
1.3366
1.2224
1.2943
1.3155
1.3608
1.2491
1.3504
1.2682
1.3381
1.2597
1.2456
1.2157
1.2246
1.2438
1.3467
1.3129
1.2931
1.2917
1.4019
1.2767
1.3532
1.3348
1.3531
1.2907
1.3011
1.2910
1.2782
1.1734
1.1486
1.1060
1.1016
1.0763
1.0684
1.0673
1.0823
1.1805
1.0385
1.0626
1.1364
1.2032
1.2257
1.3205
1.2774
1.2565
1.3162
1.2525
1.1681
1.1441
1.2334
1.2102
1.2126
1.1741
1.2962
1.2780
1.2648
1.2038
1.1840
1.3723
1.3799
1.3734
1.2896
1.1661
1.2208
1.1662
1.1723
1.1735
1.0956
1.1040
1.0686
1.0576
1.0649
1.0983
1.0974
1.0744
1.1039
1.0971
1.0308
1.0471
1.0694
1.0927
1.0068
1.0106
1.1054
1.1615
1.1148
1.1096
1.1157
1.1149
1.0882
1.0865
1.1114
1.0501
1.0251
1.0444
1.0422
1.0304
1.0346
1.0768
1.0532
1.0633
1.0748
1.0366
1.0197
1.0141
1.0312
1.0378
1.0997
1.0769
1.0578
1.1167
1.0940
1.0423
1.0767
1.1082
1.0946
1.0666
1.1225
1.1416
1.1816
1.2145
1.1993
1.1273
1.1188
1.2613
1.1752
1.1713
1.0978
1.1010
1.0506
1.1157
1.2058
1.2107
1.1400
1.1501
1.1551
1.0517
1.1017
1.0899
1.0779
1.0598
1.0419
1.0330
1.0593
1.0238
1.0756
1.0835
1.0511
1.0615
1.0339
1.0591
1.0655
1.0879
1.0913
1.0848
1.0712
1.0701
1.0511
1.0498
1.0536
1.1016
1.0673
1.0345
1.0511
1.0267
1.0526
1.0794
1.0322
1.0323
1.0306
1.0331
1.0464
1.0212
1.0317
1.0494
1.0429
1.0345
1.0297
1.0114
1.0326
1.0679
1.0415
1.0439
1.0411
1.1493
1.1138
1.0423
1.0260
1.0219
0.9878
1.0010
1.0024
1.0270
1.0561
1.0377
1.0028
1.0293
1.0345
1.0120
0.9611
0.9820
0.9876
0.9983
0.9917
0.9589
0.9687
0.9796
0.9648
0.9480
0.9438
0.9345
0.9403
0.9308
0.9729
1.0100
0.9993
0.9347
0.9799
0.9548
0.9619
0.9333
0.9688
0.9709
0.9593
0.9748
0.9671
0.9703
0.9445
0.9468
0.9284
0.9332
0.9336
0.9307
0.9506
0.9688
0.9473
0.9568
0.9629
0.9505
0.9544
0.9561
0.9202
0.9227
0.9350
0.9330
0.9290
0.9497
0.9428
0.9308
0.9493
0.9547
0.9543
0.9459
0.9481
0.9501
0.9356
0.9630
0.9526
0.9566
0.9436
0.9431
0.9561
0.9423
0.9682
0.9587
0.9631
0.9934
1.0008
0.9871
1.0043
1.0261
0.9867
0.9654
0.9860
0.9869
1.0035
1.0091
1.0878
1.0553
1.0356
1.0325
0.9862
0.9694
0.9807
0.9570
0.9795
0.9637
0.9680
1.0101
1.0844
1.0456
1.0168
1.0464
1.0444
1.0091
1.0038
1.0254
1.0153
1.0175
1.0210
0.9937
1.0069
0.9985
1.0141
0.9964
0.9930
0.9795
0.9919
0.9937
1.0057
1.0520
1.0585
1.0794
1.0156
1.0357
1.0537
1.0999
1.0842
1.0985
1.0188
1.0564
1.0215
1.0217
1.0432
1.0349
1.0226
1.0813
1.1063
1.1019
1.0312
1.0518
1.0850
1.0745
1.0972
1.0652
1.0702
1.0372
1.0196
1.0491
1.1023
1.0980
1.0649
1.1908
1.1130
1.0913
1.0764
1.0731
1.0781
1.1170
1.1284
1.1350
1.1932
1.1200
1.1292
1.1559
1.0802
1.2187
1.2667
1.3146
1.2645
1.1958
1.1958
1.2350
1.2556
1.1230
1.1045
1.1003
1.0475
1.0591
1.0604
1.0344
1.0780
1.1216
1.0592
1.0757
1.0669
1.0452
1.0646
1.0633
0.9841
1.0193
1.0413
1.0150
0.9790
1.0559
1.0301
1.0082
0.9941
1.0222
1.0395
1.0116
1.0201
1.0323
1.0150
1.0473
1.0200
1.0326
0.9656
0.9603
0.9735
0.9886
1.0608
1.1553
1.0621
1.1142
1.1209
1.0904
1.0843
1.1658
1.1583
1.2323
1.2105
1.1405
1.1838
1.2074
1.1751
1.1335
1.1256
1.0890
1.0836
1.0476
1.0500
1.0503
1.0157
1.0413
1.0434
1.0456
1.0486
1.0469
1.0291
1.0038
1.0841
1.0394
1.0554
1.1120
1.0916
1.1622
1.1434
1.1289
1.1581
1.1340
1.1493
1.1310
1.1247
1.2067
1.2943
1.2269
1.2255
1.1291
1.0901
1.0942
1.0814
1.0627
1.0792
1.0668
1.1056
1.1643
1.2572
1.4234
1.4798
1.4093
1.4168
1.2870
1.4322
1.4670
1.3987
1.5141
1.5579
1.3277
1.4617
1.4228
1.1732
1.1636
1.2286
1.4071
1.3216
1.3347
1.3525
1.3583
1.3501
1.2530
1.0943
1.3720
1.3517
1.1210
1.0708
1.1043
1.1393
1.1111
1.1244
1.1297
1.0997
1.1281
1.1548
1.0684
1.1434
1.2532
1.1617
1.2086
1.2687
1.3869
1.3214
1.6067
1.4741
1.5413
1.4811
1.4541
1.3287
1.3847
1.3891
1.3644
1.5052
1.2579
1.1778
1.1983
1.2164
1.2843
1.3377
1.4146
1.3960
1.2743
1.3505
1.5077
1.3743
1.2422
1.1385
1.1869
1.1562
1.2539
1.2961
1.2994
1.3786
1.0818
1.0422
1.0416
1.2142
1.3434
1.4944
1.5665
1.6536
1.4591
1.4268
1.3101
1.2820
1.2711
1.2828
1.2607
1.2868
1.4254
1.5765
1.7936
1.5273
2.1197
1.8731
2.1218
2.2501
2.1676
2.2391
1.8165
1.9063
1.7674
1.5658
2.1205
2.0207
1.8758
1.6541
1.7105
1.9384
1.5978
2.1948
1.9088
1.9635
1.8615
1.5306
1.5872
1.5454
1.8774
1.7313
2.0371
2.2553
1.8829
1.8060
1.9565
2.1395
1.9305
1.7580
2.0005
2.1065
1.5569
1.5108
1.6900
1.4896
1.6145
1.7454
1.4988
1.5562
1.6122
1.4717
1.2905
1.4938
1.8131
1.6058
1.9742
2.0040
2.0648
1.7770
1.5398
1.7917
1.5534
1.1885
1.2992
1.2629
1.1393
1.1489
1.1622
1.0834
1.0208
1.0317
1.0818
1.2153
1.3295
1.2793
1.4715
1.5143
1.3498
1.3566
1.3777
1.3846
1.3716
1.3892
1.3797
1.3430
1.2985
1.5425
1.4112
1.3663
1.4285
1.7608
1.7179
1.9077
2.1283
2.5176
2.3567
2.0248
1.5640
1.3092
1.3368
1.4348
1.4322
1.3593
1.4338
1.3281
1.4620
1.5585
1.3464
1.2693
1.3095
1.1871
1.2115
1.3130
1.2038
1.2162
1.3896
1.4605
1.8418
1.9064
1.7060
1.8972
1.7859
1.6938
1.6989
1.8308
1.9407
1.8492
1.8848
2.3623
1.7071
1.8940
2.1605
2.1566
1.9907
1.6086
1.7092
2.0225
1.6634
1.4916
1.5441
1.5540
1.4392
1.4789
1.5506
1.5494
1.2683
1.3345
1.2518
1.1171
1.0869
1.2068
1.5547
1.6945
1.6258
1.2335
1.4098
1.5664
1.6590
1.9919
1.5010
2.1019
1.7268
1.5078
1.5112
1.5768
1.7710
2.0293
1.8248
1.8839
1.9172
1.5917
1.6692
1.6197
1.7331
2.1825
1.7581
1.7401
2.5297
2.3939
2.4194
2.1584
1.9386
1.6640
1.6902
1.5633
1.7613
1.6043
1.5056
1.4564
1.5141
1.3540
1.1119
1.1652
1.2038
1.2457
1.2150
1.2581
1.2351
1.0566
1.0513
1.1381
1.1394
1.2005
1.2714
1.2518
1.2364
1.2638
1.3330
1.2963
1.2706
1.2609
1.2375
1.1987
1.2484
1.1445
1.1121
1.1559
1.2267
1.4035
1.5848
1.5075
1.2961
1.3179
1.4995
1.6510
1.6392
1.3492
1.7572
1.7477
1.5640
1.5177
1.5023
1.7246
1.6665
2.0622
2.1737
2.1731
2.3640
2.6679
2.1432
1.9881
1.8420
1.9209
1.7087
1.6757
1.5744
1.3865
1.4421
1.6625
2.1312
2.1845
2.0967
2.0177
1.7517
1.3924
1.3379
1.3762
1.2295
1.3036
1.2871
1.3732
1.2203
1.2572
1.2243
1.1901
1.1501
1.2385
1.2341
1.2085
1.1282
1.1090
1.1008
1.1432
1.2299
1.1740
1.2242
1.1558
1.2105
1.1929
1.1795
1.1642
1.1406
1.2555
1.2118
1.2497
1.2883
1.6014
1.5890
1.2768
1.2758
1.3111
1.7185
1.5229
1.5931
1.5463
1.3365
1.3937
1.4490
1.3281
1.4004
1.4148
1.4543
1.4500
1.5037
1.2893
1.3502
1.1814
1.1810
1.1845
1.2307
1.2445
1.3673
1.3304
1.3435
1.2522
1.1740
1.2448
1.2162
1.2220
1.2429
1.2384
1.2436
1.3045
1.1995
1.1924
1.1740
1.1262
1.1907
1.1771
1.1599
1.0936
1.1099
1.1564
1.1451
1.2898
1.2517
1.2169
1.2214
1.2221
1.1764
1.2073
1.3209
1.2664
1.2800
1.2977
1.3959
1.5274
1.6323
2.2715
2.2715
2.5619
2.1738
2.3757
2.0680
1.6220
1.9861
1.9012
1.9397
1.5596
1.4928
1.4574
1.3819
1.7960
1.7309
1.8692
1.8982
2.0538
2.0422
1.7945
1.7653
1.7738
2.0387
2.1726
1.6915
1.4474
1.5384
1.8125
1.4565
1.2562
1.5555
1.4559
1.7632
1.7120
2.0080
1.6555
1.2887
1.5871
1.3692
1.2693
1.4440
1.7227
1.9605
2.0164
1.6338
2.0379
1.6281
1.9106
1.8646
1.7530
1.2874
1.2155
1.2258
1.2363
1.2220
1.2858
1.3636
1.5218
1.7478
1.6305
2.1313
2.2348
1.9254
1.7137
2.0285
1.9420
1.9906
2.0005
1.8940
1.7845
1.5723
1.7067
1.8751
2.2589
2.6748
1.8474
1.6366
1.8354
1.8696
2.2504
2.1755
2.4175
2.0478
1.6642
2.0977
2.2052
2.1215
1.8172
1.6381
1.8069
2.0429
1.9340
1.9807
2.2706
2.1824
2.1145
1.3638
1.4927
1.7636
2.1482
1.8558
1.6375
1.5618
1.4423
1.7279
1.4070
1.5856
1.4995
1.5005
1.2709
1.2659
1.2410
1.3240
1.4121
1.4476
1.3816
1.3281
1.2946
1.3720
1.2923
1.7311
1.7215
1.6612
1.7093
1.2883
1.2267
1.2488
1.2174
1.0884
1.0382
1.0530
1.0824
1.1113
1.1829
1.2651
1.2683
1.4861
1.7340
1.3720
1.5910
1.2965
1.2782
1.1545
1.4036
1.2663
1.1586
1.1408
1.1701
1.1453
1.1882
1.1763
1.2071
1.2733
1.2561
1.2248
1.1552
1.3138
1.2917
1.2413
1.2940
1.3868
1.2581
1.3318
1.3364
1.3929
1.3275
1.4603
1.4555
1.5781
1.4525
1.4353
1.5150
1.4528
1.2952
1.1673
1.2258
1.4633
1.2562
1.3940
1.2849
1.2483
1.2054
1.3414
1.3232
1.3171
1.3554
1.2640
1.2899
1.3112
1.3969
1.3818
1.3267
1.2297
1.1789
1.4090
1.2903
1.3935
1.2955
1.2489
1.2716
1.2432
1.3090
1.3815
1.4349
1.2652
1.3261
1.2005
1.2897
1.1436
1.2591
1.3504
1.4679
1.3605
1.3101
1.4295
1.4913
1.3416
1.3619
1.2640
1.5154
1.4470
1.4995
1.4223
1.6125
1.6424
1.4655
1.4420
1.3319
1.3285
1.2547
1.5299
1.5374
1.4847
1.4418
1.3872
1.4485
1.4233
1.6438
1.5002
1.6557
1.5809
1.3736
1.2452
1.1847
1.1424
1.1518
1.1876
1.1197
1.0749
1.0779
1.0759
1.0743
1.0695
1.0954
1.0850
1.0613
1.0469
1.0971
1.0948
1.1492
1.2474
1.2632
1.1574
1.1030
1.3244
1.3401
1.2405
1.5063
1.7751
1.7334
1.6904
1.4412
1.5027
1.8230
1.5417
1.4629
1.4581
1.5865
1.4407
1.5432
1.4157
1.2432
1.2000
1.3488
1.4988
1.7155
1.5643
1.5646
1.5097
1.6237
1.4655
1.6143
1.6435
1.3695
1.1704
1.3539
1.5702
1.3390
1.9235
2.0256
1.9139
1.7307
1.7839
1.4576
1.7803
1.4829
1.7322
1.6448
1.5912
1.6268
1.5000
1.5503
1.5578
1.7676
2.0018
1.8641
1.6926
1.8874
1.4696
1.4929
1.4544
1.4828
1.6936
1.8497
1.7877
1.7004
1.7529
1.7700
1.7482
1.5101
1.8094
1.8052
1.7420
1.5768
1.7119
1.7352
1.8902
1.9105
1.5973
1.4884
1.3406
1.2916
1.4419
1.5135
1.5449
1.4350
1.3942
1.4083
1.3250
1.3479
1.6673
1.4603
1.4493
1.5598
1.6744
1.7749
1.3596
1.1480
1.3181
1.4512
1.3770
1.4399
1.4140
1.3778
1.3031
1.2931
1.2295
1.4289
1.2441
1.1939
1.3173
1.2687
1.5176
1.7454
1.8022
2.1157
2.1394
1.9029
1.6344
1.7904
1.7418
1.5869
1.8392
1.9879
2.2273
2.5775
2.6336
2.9055
1.6701
1.6274
1.9704
1.5318
1.6121
1.6392
1.4858
1.7707
1.5471
1.9562
2.0683
2.0290
1.7165
1.7821
2.0539
2.0292
1.8696
1.7813
2.2483
2.2787
2.3912
1.9553
2.3126
1.7057
2.2560
1.9173
2.0994
2.0621
2.1907
2.4255
2.3135
2.0697
2.5524
2.6628
2.0293
1.9844
1.8102
1.6307
1.6464
1.5201
1.5018
1.8282
1.8776
1.7022
1.5357
1.5656
1.7680
1.6782
1.6261
1.4595
1.4540
1.7519
1.6356
1.6134
1.6841
2.0477
1.7554
1.3555
1.3767
1.4903
1.5164
1.3716
1.7161
1.7022
1.5661
1.4010
1.8216
1.5804
1.6926
1.5500
1.8106
1.7968
1.5994
1.5337
1.6184
1.3759
1.4630
1.5210
1.5298
1.4790
1.4082
1.8617
1.9779
2.1203
1.8775
1.7253
1.4227
1.4242
1.4324
1.6729
1.7324
1.7547
1.3784
1.4818
1.4225
1.5668
1.3450
1.4610
1.4622
1.4690
1.5048
1.5160
1.5985
1.4702
1.5232
1.5278
1.5096
1.3923
1.5597
1.4395
1.5172
1.5822
1.6024
1.4640
1.4968
1.3864
1.3752
1.3756
1.3577
1.3755
1.4198
1.5961
1.6028
1.5284
1.6984
1.9160
1.8638
1.7356
1.6514
1.5661
1.6788
1.5329
1.5839
1.6008
1.5837
1.5839
1.5970
1.7129
1.7516
1.6498
1.4663
1.2999
1.3499
1.3240
1.0834
1.2019
1.2237
1.2408
1.1934
1.2253
1.2371
1.2135
1.1708
1.1592
1.1669
1.1799
1.1406
1.1529
1.1432
1.0550
1.0769
1.0872
1.0885
1.0939
1.1500
1.2669
1.1858
1.3721
1.2667
1.3331
1.3584
1.3736
1.2669
1.4389
1.6354
1.4532
1.5985
1.5735
1.4255
1.5579
1.3773
1.2714
1.2528
1.3316
1.3443
1.2301
1.3192
1.2187
1.1721
1.2918
1.2898
1.2973
1.2326
1.2323
1.2275
1.1419
1.1353
1.1707
1.3495
1.3779
1.4199
1.4705
1.7504
1.7491
1.3852
1.3278
1.3643
1.4306
1.3623
1.4763
1.4419
1.3722
1.2177
1.2013
1.2601
1.3095
1.4516
1.7403
1.5914
1.4778
1.4552
1.6321
1.5286
1.2998
1.5313
1.3270
1.5356
1.5692
1.7107
1.7903
2.1550
2.5729
2.0869
2.1389
2.0732
2.0123
2.1211
1.7085
1.7781
1.4049
1.5030
1.4526
1.5968
1.3946
1.3285
1.2552
1.2985
1.3620
1.2995
1.1618
1.2382
1.2003
1.2112
1.2220
1.3701
1.2929
1.3534
1.3906
1.3164
1.3456
1.3659
1.2468
1.1178
1.0693
1.1529
1.0866
1.1409
1.1030
1.2214
1.2603
1.4094
1.3838
1.2772
1.3580
1.5395
1.5119
1.6278
1.3968
1.6371
1.7042
1.4757
1.3138
1.3029
1.4406
1.4211
1.1944
1.1643
1.1793
1.2891
1.4006
1.2900
1.2368
1.2493
1.1456
1.1308
1.1677
1.1319
1.1032
1.0874
1.0911
1.0600
1.1015
1.0968
1.0764
1.1329
1.1193
1.1896
1.1693
1.1722
1.2349
1.1720
1.1489
1.1763
1.1117
1.0543
1.0612
1.0684
1.0655
1.1282
1.1029
1.1222
1.1220
1.1062
1.1376
1.1750
1.1669
1.1412
1.1484
1.1140
1.1084
1.1499
1.1201
1.1519
1.0760
1.3264
1.4771
1.8321
1.7066
1.9192
1.8051
1.6179
1.6858
1.9887
2.0345
2.0802
1.7752
1.5644
2.2233
1.6696
1.8269
1.7759
2.0888
1.6698
1.8325
1.6753
1.7818
1.8174
1.6743
1.5998
1.6442
1.6427
1.4421
1.4841
1.7021
1.5809
1.4977
1.3092
1.2745
1.3998
1.5235
1.5508
1.4704
1.2813
1.3440
1.3002
1.3110
1.1832
1.1578
1.1250
1.1637
1.3313
1.1872
1.2494
1.2053
1.1712
1.2883
1.1324
1.1388
1.2422
1.2450
1.1827
1.2071
1.3002
1.2462
1.2534
1.2299
1.2185
1.1596
1.2308
1.1612
1.1767
1.1870
1.1738
1.1562
1.1713
1.1995
1.1899
1.1780
1.4952
1.4424
1.3068
1.2437
1.2394
1.2900
1.1985
1.2328
1.3027
1.3829
1.3650
1.3381
1.2665
1.3763
1.3228
1.5840
1.9364
1.9396
2.1864
1.7523
1.5765
1.4693
1.5175
1.4855
1.4822
1.4233
1.4569
1.5740
1.7747
1.6699
1.5238
1.4453
1.4805
1.3223
1.3818
1.5176
1.5019
1.4652
1.6584
1.6397
1.7235
1.5989
1.4613
1.6283
1.8998
1.6872
1.8340
1.7614
1.4540
1.5073
1.6835
1.6518
1.9737
1.9549
1.9914
1.7154
1.7055
1.6975
1.7141
1.5335
1.6215
1.6298
1.6999
1.7086
1.4055
1.3807
1.5351
1.1838
1.2454
1.3000
1.2619
1.1931
1.2012
1.1562
1.4287
1.4878
1.3274
1.2142
1.1468
1.1531
1.0872
1.1046
1.1317
1.1637
1.2138
1.2886
1.1704
1.1238
1.1485
1.1541
1.1402
1.1046
1.1072
1.0723
1.0936
1.0876
1.1141
1.0802
1.0821
1.1085
1.1179
1.1641
1.1776
1.1230
1.3449
1.2908
1.6930
1.7368
1.5141
1.3433
1.4648
1.6926
1.3680
1.3586
1.4428
1.2975
1.2486
1.2409
1.3214
1.2862
1.1803
1.2024
1.3128
1.2622
1.2251
1.3225
1.2998
1.2153
1.3318
1.2386
1.2808
1.3980
1.4455
1.5367
1.9282
2.1854
2.2668
2.1315
1.9235
1.9778
2.2924
1.9033
1.6078
1.6299
1.8237
1.7292
1.5957
1.9597
1.7928
2.0200
1.5368
1.8565
1.9859
2.3587
1.9477
1.9231
2.0725
2.3625
2.3045
1.6106
1.4395
1.6717
1.4722
1.5333
1.6858
1.9423
1.6098
1.6774
1.6286
1.6578
1.4046
1.4116
1.4496
1.3301
1.5415
1.4300
1.5589
1.3591
1.4666
1.4898
2.0676
2.4093
2.0139
2.3906
1.9020
1.6807
1.6599
1.7050
1.5520
1.5027
1.4104
1.3761
1.3323
1.5821
1.3300
1.4418
1.3962
1.3136
1.5841
1.5682
1.4915
1.4465
1.5076
1.4184
1.3655
1.5414
1.3523
1.4598
1.4423
1.4346
1.4668
1.4813
1.3227
1.3718
1.3593
1.3956
1.3166
1.4020
1.4984
1.4616
1.5758
1.5857
1.6607
1.4228
1.2598
1.4039
1.2878
1.4637
1.3425
1.3493
1.4187
1.2202
1.5607
1.8491
1.6036
2.0369
1.9421
1.5844
1.4993
1.8819
1.7463
1.6462
1.6095
1.8984
2.1234
2.1717
2.0976
1.9690
2.0321
1.9428
2.1072
1.6244
1.5032
1.8672
1.7205
1.7560
1.4927
1.9905
1.6068
1.6913
1.6137
1.3837
1.4251
1.6449
1.5546
1.6694
1.5200
1.5665
1.8385
1.7892
1.7245
1.4997
1.4391
1.5043
1.4999
1.7894
1.9206
1.8483
1.6447
1.6212
1.8748
2.1730
2.0524
1.6812
1.5878
1.4516
1.3933
1.2682
1.3262
1.2400
1.4052
1.2833
1.2318
1.4842
1.2698
1.5024
1.2440
1.3369
1.2809
1.3197
1.1743
1.4155
1.4794
1.4024
1.4082
1.3057
1.3689
1.3578
1.3791
1.5031
1.4166
1.5069
1.7581
1.3039
1.3606
1.4274
1.3832
1.5339
1.4984
1.7741
1.7837
1.4330
1.7313
1.6628
1.9131
1.7900
1.7834
1.5926
1.5795
1.6381
1.7852
1.7927
1.7823
1.8378
1.7894
1.7609
1.5545
1.6989
1.5640
1.6398
1.4664
1.3335
1.3412
1.4557
1.5093
1.5339
1.5484
1.4131
1.4334
1.7220
1.6587
1.4055
1.7948
1.6131
1.6816
1.6905
1.8465
2.0921
2.1853
2.2713
1.8561
1.6428
1.7431
1.9122
2.0985
2.3573
1.9723
1.9981
2.0214
1.6619
1.9134
1.6454
1.5490
1.6008
1.6243
1.8377
1.6972
1.4490
1.2763
1.2279
1.2287
1.2168
1.1852
1.2902
1.3311
1.3903
1.3930
1.4956
1.4951
1.6573
1.6505
1.7163
1.4757
1.4542
1.3669
1.2343
1.2881
1.3007
1.2615
1.2894
1.3984
1.7972
2.1230
2.2889
2.7513
2.4305
1.9210
1.7647
1.8948
1.4701
1.6331
1.4589
1.3205
1.2977
1.3559
1.1836
1.2291
1.2068
1.2952
1.2255
1.1791
1.3157
1.4980
1.1765
1.2141
1.1687
1.3217
1.3444
1.3466
1.3459
1.3213
1.2883
1.3926
1.1482
1.1738
1.2303
1.2490
1.2688
1.2482
1.2747
1.4502
1.5284
1.3746
1.2709
1.5109
1.3508
1.5140
1.2954
1.2982
1.2977
1.3719
1.3558
1.2631
1.3072
1.1829
1.1800
1.2030
1.4010
1.3574
1.3579
1.3111
1.3030
1.2863
1.4012
1.3558
1.2640
1.1896
1.1909
1.2040
1.2173
1.2721
1.2977
1.2250
1.2137
1.2414
1.3530
1.5011
1.4131
1.5183
1.5769
1.5260
1.4603
1.5795
1.6812
1.4621
1.4017
1.3511
1.3449
1.7556
1.5703
1.5681
1.4747
1.2492
1.2802
1.4181
1.6145
1.7149
1.7111
1.8930
1.8754
1.6192
1.7492
1.6058
1.6440
2.0053
1.9586
1.5722
1.6703
1.6657
1.6626
1.7555
1.3962
1.4908
1.4491
1.7331
1.6475
1.6473
1.5925
1.5397
1.5723
1.4597
1.4313
1.4258
1.2973
1.6300
1.8512
1.7029
1.4186
1.5991
1.6509
1.6794
1.6138
1.5240
1.4017
1.7061
1.3817
1.2710
1.2480
1.3564
1.3503
1.4229
1.6799
1.4199
1.2923
1.6642
1.5254
1.3827
1.7262
1.6861
1.7305
1.5713
1.7281
1.6060
1.6426
1.5088
1.5691
1.9011
1.6393
1.4767
1.6049
1.8974
1.5950
1.7137
1.5963
1.3869
1.3077
1.3623
1.5394
1.2764
1.2507
1.1503
1.2579
1.2717
1.2696
1.1302
1.3394
1.2603
1.2157
1.2627
1.3680
1.2242
1.3004
1.1283
1.1391
1.1388
1.1056
1.1387
1.1309
1.1162
1.1254
1.2172
1.2363
1.2001
1.1880
1.1986
1.1949
1.1228
1.1711
1.1817
1.2554
1.2663
1.2225
1.1827
1.1513
1.2489
1.2481
1.2389
1.2558
1.1974
1.1289
1.1349
1.1679
1.1110
1.1020
1.0900
1.1131
1.1859
1.1940
1.2415
1.0976
1.1067
1.2100
1.2147
1.2356
1.1279
1.2609
1.1203
1.1580
1.1674
1.1484
1.1314
1.1721
1.2212
1.1564
1.2046
1.1844
1.1302
1.2162
1.1718
1.2101
1.1764
1.1813
1.2245
1.1358
1.1473
1.2442
1.1684
1.3160
1.4151
1.3624
1.5691
1.3035
1.2726
1.5365
1.5199
1.3142
1.3258
1.4485
1.4627
1.4362
1.7404
1.5890
1.6596
1.5204
1.5883
1.6915
1.7033
1.5154
1.3425
1.3889
1.4332
1.4159
1.4649
1.4402
1.4516
1.3684
1.2407
1.4527
1.4625
1.5247
1.3254
1.3240
1.3217
1.3806
1.2987
1.3346
1.4463
1.3066
1.2966
1.4682
1.3499
1.3117
1.2935
1.2408
1.3071
1.3039
1.2581
1.1987
1.2269
1.1999
1.1915
1.1895
1.2749
1.3467
1.2916
1.4079
1.4309
1.3962
1.2430
1.3685
1.2499
1.3490
1.2892
1.3385
1.2995
1.3932
1.2559
1.1975
1.4663
1.4178
1.7549
1.7754
1.4945
1.7790
1.6238
1.5163
1.8050
2.2798
2.2940
1.9709
2.0068
2.1588
2.1980
1.5695
1.6596
1.8753
1.9480
1.8384
2.4181
1.9755
2.1666
2.2608
1.8547
1.8534
1.7497
1.5662
1.9183
1.7822
1.4615
1.4647
1.4759
1.4557
1.5359
1.4379
1.4417
1.6608
1.5436
1.3366
1.5677
1.4602
1.4729
1.7251
1.5400
1.4079
1.4214
1.4875
1.4504
1.4223
1.2915
1.4455
1.6202
1.4456
1.6206
1.4625
1.5678
1.6366
1.3223
1.5331
1.6831
1.9844
1.7390
2.2414
2.0031
1.9250
1.7396
1.9393
1.7351
1.8628
2.0510
2.4683
2.2491
2.1519
1.9084
1.9545
1.8110
1.8632
1.7084
1.6772
1.7467
2.2836
2.1690
2.3910
2.7120
3.0312
2.2872
2.1376
1.5919
1.9674
2.0502
2.1149
1.8298
1.5027
1.7562
2.0376
2.1360
2.8583
2.4429
2.1319
1.9207
1.5247
1.8887
1.8120
1.9822
1.6945
1.5857
1.8833
1.9677
1.8194
1.3970
1.4679
1.5560
1.5806
1.4902
1.7395
1.8115
2.2950
2.2938
2.1620
2.1767
2.2702
1.8477
1.9082
1.5424
1.8470
1.8242
1.8337
1.9094
2.3496
2.5878
2.0945
2.0340
2.0714
1.8063
2.0272
2.4158
2.4004
2.1232
1.5181
1.9264
2.1258
2.0943
1.5275
1.8618
1.9462
2.2189
2.0188
2.1280
2.1601
1.9157
1.5921
1.7327
1.3669
1.3048
1.1939
1.3769
1.4775
1.3055
1.3576
1.3664
1.3259
1.3010
1.3063
1.3117
1.2891
1.3128
1.4738
1.5035
1.4258
1.4364
1.3990
1.4861
1.5772
1.5552
1.6827
1.8554
1.7712
1.7773
1.8313
1.6332
1.5483
1.4820
1.5091
1.4848
1.6367
1.5378
1.7497
1.5611
1.5894
1.5631
1.6448
1.6807
1.5105
1.6364
1.4721
1.3317
1.4330
1.4612
1.4845
1.3574
1.5343
1.5683
1.4262
1.6470
1.5215
1.4979
1.4433
1.4129
1.4465
1.3261
1.2607
1.2526
1.2092
1.1918
1.2665
1.2323
1.2665
1.1979
1.2400
1.2029
1.1297
1.1976
1.2495
1.4276
1.7683
1.5742
1.6804
1.6491
1.7471
1.7595
1.8350
1.7961
1.8167
2.0051
2.0279
2.1638
1.6580
1.1807
1.2314
1.2529
1.5005
1.5601
1.5427
1.7030
1.5702
2.0009
2.1499
1.8321
1.9873
1.6696
1.4506
1.3988
1.5691
1.2468
1.2506
1.2221
1.1809
1.1583
1.1399
1.1450
1.2075
1.2547
1.1985
1.1663
1.2814
1.3525
1.3571
1.2748
1.2894
1.4381
1.6823
1.6381
1.5122
1.8014
1.8571
1.4250
1.3067
1.4661
1.4532
1.3764
1.2160
1.2526
1.3744
1.3408
1.2829
1.2468
1.2577
1.1648
1.1960
1.1662
1.2580
1.2785
1.3231
1.4032
1.1416
1.2293
1.3247
1.3159
1.2428
1.2659
1.4333
1.4365
1.2408
1.2404
1.2037
1.3860
1.5335
1.7684
1.6842
1.5900
1.5413
1.6882
1.4379
1.2875
1.2151
1.1999
1.8297
1.6477
1.6686
1.6054
1.4473
1.6677
1.4456
1.6278
1.6000
1.3989
1.4726
1.7268
1.5644
1.8638
1.6813
1.7814
1.5702
1.6683
1.6557
1.5071
1.5048
1.4876
1.6500
1.5651
1.4304
1.4316
1.5025
1.3260
1.4179
1.4258
1.3798
1.3037
1.3396
1.3948
1.3043
1.4585
1.3416
1.4117
1.2737
1.2154
1.1758
1.1885
1.1734
1.1698
1.1644
1.1540
1.2065
1.2281
1.1286
1.0497
1.1263
1.1436
1.2017
1.1841
1.2179
1.2988
1.4701
1.5373
1.8611
2.2727
1.9901
2.0407
1.7398
1.8428
2.3670
2.5721
2.3198
1.6040
1.7262
1.5836
2.0204
1.5755
1.5931
1.4673
1.4291
1.5803
1.5521
1.3944
1.2892
1.4777
1.6644
1.6550
1.5140
1.3458
1.3180
1.3030
1.2551
1.1230
1.1681
1.0963
1.1552
1.1308
1.2863
1.2136
1.2563
1.2233
1.1387
1.1750
1.2172
1.2238
1.2158
1.2126
1.1998
1.2194
1.1592
1.3230
1.1929
1.2368
1.3478
1.3493
1.3350
1.3809
1.2230
1.3233
1.3505
1.3714
1.2782
1.3945
1.3962
1.3493
1.4422
1.3473
1.4149
1.4376
1.2169
1.4845
1.5081
1.4802
1.4171
1.4907
1.3257
1.3978
1.3530
1.2798
1.2272
1.2029
1.2351
1.3251
1.2591
1.1948
1.2683
1.3321
1.4486
1.2859
1.2564
1.4285
1.5257
1.4195
1.3440
1.5149
1.5564
1.4578
1.3404
1.4727
1.4676
1.5415
1.5696
1.6551
1.6845
1.9086
1.9176
2.0169
1.6740
1.8548
1.7444
1.6857
2.0954
2.5150
2.1401
2.5187
2.4724
2.8630
1.9961
1.6148
1.6827
1.5361
1.6405
1.4899
1.5044
1.8476
1.8849
1.9493
1.9245
2.0313
2.2178
2.2059
1.6331
1.4212
1.4739
1.3361
1.4081
1.4750
1.5138
1.7387
1.7118
1.6404
1.4620
1.5181
1.6787
1.7794
1.9891
1.7789
1.6197
1.8393
1.7540
2.0748
1.9480
1.9710
2.0680
1.9101
1.6203
1.6960
1.4359
1.7029
1.4471
1.4601
1.4464
1.3573
1.4126
1.2805
1.3724
1.2455
1.2571
1.3303
1.2374
1.1479
1.2349
1.5147
1.5031
1.7039
1.8524
1.7743
1.9478
1.4814
1.1017
1.1347
1.1233
1.0897
1.1348
1.1879
1.1971
1.1391
1.1938
1.2189
1.1988
1.1187
1.3154
1.3188
1.3787
1.3074
1.3575
1.3602
1.3088
1.2690
1.2815
1.3189
1.4922
1.6471
1.5976
1.3309
1.2688
1.2801
1.5234
1.6337
1.5678
1.7236
1.5755
1.6186
1.6213
1.5999
1.6693
1.5525
1.5590
1.5033
1.5618
1.5050
1.5164
1.3406
1.5272
1.5004
1.5031
1.4792
1.5391
1.4994
1.4889
1.4714
1.5969
1.5538
1.4419
1.5095
1.5985
1.4771
1.5222
1.3428
1.2268
1.4759
1.2968
1.2665
1.3228
1.3821
1.3776
1.1899
1.3275
1.2522
1.2998
1.4329
1.3795
1.5403
1.2937
1.3668
1.5161
1.5669
1.4882
1.3756
1.1987
1.2424
1.2357
1.1711
1.1910
1.1667
1.2054
1.0730
1.1071
1.1132
1.1177
1.1305
1.1031
1.2342
1.3119
1.3406
1.3598
1.2682
1.5967
1.6665
1.8501
1.4576
1.3840
1.3596
1.4072
1.3496
1.2760
1.6500
1.5138
1.6061
1.6136
1.7347
1.7163
1.6588
1.7367
1.6955
1.4241
1.7519
1.6480
1.5825
1.8748
2.0241
1.8844
1.9097
1.8046
1.6885
1.7910
1.8631
1.6459
1.6518
1.4920
1.4112
1.4597
1.8686
1.9348
1.7640
1.9864
1.6973
1.8114
1.5563
1.4752
1.5470
1.5767
1.6646
1.4559
1.3004
1.2837
1.2606
1.2772
1.2654
1.4271
1.3837
1.3102
1.2638
1.3545
1.4654
1.3890
1.5267
1.7009
1.5782
1.7073
1.6456
1.6657
1.3729
1.5965
1.4761
1.5169
1.4992
1.7097
1.7105
1.6174
1.6470
1.6458
1.6925
1.5753
1.4415
1.4491
1.3987
1.4272
1.2782
1.4691
1.3287
1.3574
1.2800
1.2752
1.2544
1.3468
1.2434
1.2255
1.3049
1.2382
1.3018
1.3551
1.3367
1.3124
1.2214
1.3539
1.2551
1.2560
1.2368
1.2169
1.2569
1.2426
1.2047
1.2573
1.1950
1.2801
1.2613
1.2565
1.2865
1.2804
1.2510
1.2756
1.2269
1.2561
1.3001
1.2854
1.3675
1.3379
1.3893
1.3450
1.3743
1.2887
1.2380
1.2219
1.2104
1.1795
1.1601
1.2310
1.2200
1.2499
1.2068
1.1921
1.1900
1.2564
1.2279
1.3213
1.2493
1.3019
1.4715
1.2256
1.2116
1.2098
1.3235
1.3349
1.2593
1.1957
1.2723
1.2994
1.2081
1.1439
1.1762
1.1691
1.2178
1.2370
1.2914
1.2392
1.1729
1.1774
1.1695
1.1585
1.2067
1.1795
1.2414
1.2270
1.1960
1.2169
1.2293
1.2172
1.2829
1.2707
1.1921
1.1398
1.1839
1.2111
1.2761
1.2231
1.2204
1.2204
1.1788
1.1673
1.2031
1.2034
1.1660
1.1835
1.2240
1.2209
1.1781
1.1193
1.2369
1.1437
1.1373
1.1070
1.0758
1.1182
1.1315
1.1678
1.1228
1.4555
1.3414
1.1821
1.1161
1.2326
1.2099
1.1744
1.1643
1.2182
1.2541
1.0932
1.1392
1.1532
1.2128
1.2809
1.2132
1.1447
1.1651
1.1994
1.1927
1.2376
1.2223
1.1917
1.1894
1.1145
1.1111
1.1175
1.1532
1.1571
1.1105
1.0609
1.1298
1.1007
1.1186
1.0826
1.1098
1.0885
1.1718
1.1391
1.1757
1.1264
1.1926
1.2304
1.2569
1.2180
1.1695
1.1462
1.1493
1.2007
1.1510
1.2293
1.1915
1.1807
1.1079
1.1457
1.0967
1.1470
1.1866
1.1103
1.1139
1.0981
1.1673
1.1573
1.2076
1.1685
1.1003
1.1642
1.1335
1.1069
1.1227
1.1386
1.2819
1.2695
1.1073
1.0643
1.0360
1.0190
1.0011
1.0382
1.0634
1.0880
1.0993
1.0339
0.9843
1.0753
1.1589
1.3003
1.2674
1.3189
1.3023
1.2225
1.2849
1.3410
1.3808
1.4733
1.4594
1.3687
1.3975
1.4017
1.6317
1.6206
1.6758
1.5758
1.4174
1.2950
1.6118
1.6775
1.8049
1.8067
1.9063
1.7145
1.9483
1.6927
1.8543
1.7800
1.5437
1.7962
1.9830
1.7873
1.8385
1.7019
1.7277
1.9908
1.7811
1.7256
1.7547
1.7304
1.5874
1.6784
2.1365
1.9166
1.7400
1.6376
1.8421
1.7595
1.6991
1.7129
1.9857
1.6387
1.8195
1.7259
1.7865
1.6138
1.5152
1.2821
1.2129
1.1706
1.3497
1.2269
1.1915
1.2400
1.1919
1.0803
1.1542
1.1527
1.1386
1.1877
1.1969
1.3738
1.3763
1.3369
1.4417
1.2437
1.1657
1.1455
1.3887
1.4713
1.4156
1.3460
1.3416
1.5136
1.3296
1.3512
1.3416
1.3218
1.4814
1.4407
1.4387
1.4566
1.4164
1.4648
1.3707
1.7197
1.8273
1.8382
1.6350
1.6002
1.8280
1.4612
1.5964
1.5225
1.6467
1.6087
1.7084
1.6895
1.6251
1.3249
1.2554
1.2087
1.0841
1.1815
1.3466
1.2144
1.3318
1.3268
1.2671
1.3678
1.2412
1.2094
1.1177
1.1077
1.2383
1.3507
1.2844
1.3771
1.3568
1.5197
1.4544
1.4854
1.4639
1.3718
1.4803
1.5185
1.4394
1.3542
1.4982
1.7023
1.8792
1.7651
1.5872
1.6074
1.3873
1.2917
1.3693
1.3542
1.3207
1.3910
1.5972
1.6634
1.7451
1.6982
1.6504
1.6330
1.6678
1.5714
1.2041
1.2940
1.2475
1.3876
1.3458
1.3194
1.3968
1.3805
1.5531
1.5661
1.2287
1.2889
1.5402
1.3563
1.4576
1.5682
1.7637
1.6948
1.6177
1.4268
1.3354
1.3844
1.4434
1.4790
1.5446
1.4744
1.8792
1.3670
1.4407
1.7437
1.5701
1.5437
1.8140
1.8008
1.5080
1.3553
1.2832
1.2627
1.2256
1.1619
1.1827
1.1249
1.0802
1.0922
1.1896
1.1231
1.2510
1.0970
1.0941
1.4480
1.2747
1.4457
1.3946
1.1253
1.4390
1.5457
1.5177
1.7329
1.7658
1.6209
1.7916
1.7869
1.8446
1.7848
1.8670
1.5746
1.5141
1.3541
1.1849
1.1825
1.2129
1.1886
1.1313
1.2486
1.3526
1.3533
1.1530
1.1444
1.1144
1.1473
1.2553
1.1358
1.0747
1.0548
1.0625
1.0689
1.0869
1.1060
1.0676
1.1353
1.0891
1.0809
1.1135
1.1354
1.1645
1.1632
1.1086
1.2251
1.2137
1.1482
1.1117
1.2104
1.2160
1.1782
1.2126
1.1748
1.1740
1.1791
1.1670
1.1054
1.1136
1.0819
1.0979
1.0614
1.0802
1.0466
1.0618
1.0846
1.0546
1.0653
1.0459
1.0838
1.0543
1.0559
1.0610
1.0624
1.0678
1.0502
1.0191
1.0366
1.0152
1.0384
1.0475
1.0395
1.0402
1.0089
1.0182
1.0183
